45 123
45 124
44 124
44 125
43 125
43 126
42 126
42 127
41 127
41 128
40 128
40 129
39 129
39 130
38 130
38 131
37 131
37 132
36 132
36 133
35 133
35 134
34 134
34 135
33 135
33 136
32 136
32 137
31 137
31 138
30 138
30 139
29 139
29 140
28 140
28 141
27 141
27 142
26 142
26 143
25 143
25 144
24 144
24 145
23 145
23 146
22 146
22 147
21 147
21 148
20 148
20 149
19 149
19 150
18 150
18 151
17 151
17 152
16 152
16 153
15 153
15 154
14 154
14 155
13 155
13 156
12 156
12 157
11 157
11 158
10 158
10 159
9 159
9 160
8 160
8 161
7 161
7 162
6 162
46 124
46 125
45 125
45 126
44 126
44 127
43 127
43 128
42 128
42 129
41 129
41 130
40 130
40 131
39 131
39 132
38 132
38 133
37 133
37 134
36 134
36 135
35 135
35 136
34 136
34 137
33 137
33 138
32 138
32 139
31 139
31 140
30 140
30 141
29 141
29 142
28 142
28 143
27 143
27 144
26 144
26 145
25 145
25 146
24 146
24 147
23 147
23 148
22 148
22 149
21 149
21 150
20 150
20 151
19 151
19 152
18 152
18 153
17 153
17 154
16 154
16 155
15 155
15 156
14 156
14 157
13 157
13 158
12 158
12 159
11 159
11 160
10 160
10 161
9 161
9 162
8 162
8 163
7 163
47 125
47 126
46 126
46 127
45 127
45 128
44 128
44 129
43 129
43 130
42 130
42 131
41 131
41 132
40 132
40 133
39 133
39 134
38 134
38 135
37 135
37 136
36 136
36 137
35 137
35 138
34 138
34 139
33 139
33 140
32 140
32 141
31 141
31 142
30 142
30 143
29 143
29 144
28 144
28 145
27 145
27 146
26 146
26 147
25 147
25 148
24 148
24 149
23 149
23 150
22 150
22 151
21 151
21 152
20 152
20 153
19 153
19 154
18 154
18 155
17 155
17 156
16 156
16 157
15 157
15 158
14 158
14 159
13 159
13 160
12 160
12 161
11 161
11 162
10 162
10 163
9 163
9 164
8 164
48 126
48 127
47 127
47 128
46 128
46 129
45 129
45 130
44 130
44 131
43 131
43 132
42 132
42 133
41 133
41 134
40 134
40 135
39 135
39 136
38 136
38 137
37 137
37 138
36 138
36 139
35 139
35 140
34 140
34 141
33 141
33 142
32 142
32 143
31 143
31 144
30 144
30 145
29 145
29 146
28 146
28 147
27 147
27 148
26 148
26 149
25 149
25 150
24 150
24 151
23 151
23 152
22 152
22 153
21 153
21 154
20 154
20 155
19 155
19 156
18 156
18 157
17 157
17 158
16 158
16 159
15 159
15 160
14 160
14 161
13 161
13 162
12 162
12 163
11 163
11 164
10 164
10 165
9 165
49 127
49 128
48 128
48 129
47 129
47 130
46 130
46 131
45 131
45 132
44 132
44 133
43 133
43 134
42 134
42 135
41 135
41 136
40 136
40 137
39 137
39 138
38 138
38 139
37 139
37 140
36 140
36 141
35 141
35 142
34 142
34 143
33 143
33 144
32 144
32 145
31 145
31 146
30 146
30 147
29 147
29 148
28 148
28 149
27 149
27 150
26 150
26 151
25 151
25 152
24 152
24 153
23 153
23 154
22 154
22 155
21 155
21 156
20 156
20 157
19 157
19 158
18 158
18 159
17 159
17 160
16 160
16 161
15 161
15 162
14 162
14 163
13 163
13 164
12 164
12 165
11 165
11 166
10 166
50 128
50 129
49 129
49 130
48 130
48 131
47 131
47 132
46 132
46 133
45 133
45 134
44 134
44 135
43 135
43 136
42 136
42 137
41 137
41 138
40 138
40 139
39 139
39 140
38 140
38 141
37 141
37 142
36 142
36 143
35 143
35 144
34 144
34 145
33 145
33 146
32 146
32 147
31 147
31 148
30 148
30 149
29 149
29 150
28 150
28 151
27 151
27 152
26 152
26 153
25 153
25 154
24 154
24 155
23 155
23 156
22 156
22 157
21 157
21 158
20 158
20 159
19 159
19 160
18 160
18 161
17 161
17 162
16 162
16 163
15 163
15 164
14 164
14 165
13 165
13 166
12 166
12 167
11 167
51 129
51 130
50 130
50 131
49 131
49 132
48 132
48 133
47 133
47 134
46 134
46 135
45 135
45 136
44 136
44 137
43 137
43 138
42 138
42 139
41 139
41 140
40 140
40 141
39 141
39 142
38 142
38 143
37 143
37 144
36 144
36 145
35 145
35 146
34 146
34 147
33 147
33 148
32 148
32 149
31 149
31 150
30 150
30 151
29 151
29 152
28 152
28 153
27 153
27 154
26 154
26 155
25 155
25 156
24 156
24 157
23 157
23 158
22 158
22 159
21 159
21 160
20 160
20 161
19 161
19 162
18 162
18 163
17 163
17 164
16 164
16 165
15 165
15 166
14 166
14 167
13 167
13 168
12 168
52 130
52 131
51 131
51 132
50 132
50 133
49 133
49 134
48 134
48 135
47 135
47 136
46 136
46 137
45 137
45 138
44 138
44 139
43 139
43 140
42 140
42 141
41 141
41 142
40 142
40 143
39 143
39 144
38 144
38 145
37 145
37 146
36 146
36 147
35 147
35 148
34 148
34 149
33 149
33 150
32 150
32 151
31 151
31 152
30 152
30 153
29 153
29 154
28 154
28 155
27 155
27 156
26 156
26 157
25 157
25 158
24 158
24 159
23 159
23 160
22 160
22 161
21 161
21 162
20 162
20 163
19 163
19 164
18 164
18 165
17 165
17 166
16 166
16 167
15 167
15 168
14 168
14 169
13 169
53 131
53 132
52 132
52 133
51 133
51 134
50 134
50 135
49 135
49 136
48 136
48 137
47 137
47 138
46 138
46 139
45 139
45 140
44 140
44 141
43 141
43 142
42 142
42 143
41 143
41 144
40 144
40 145
39 145
39 146
38 146
38 147
37 147
37 148
36 148
36 149
35 149
35 150
34 150
34 151
33 151
33 152
32 152
32 153
31 153
31 154
30 154
30 155
29 155
29 156
28 156
28 157
27 157
27 158
26 158
26 159
25 159
25 160
24 160
24 161
23 161
23 162
22 162
22 163
21 163
21 164
20 164
20 165
19 165
19 166
18 166
18 167
17 167
17 168
16 168
16 169
15 169
15 170
14 170
54 132
54 133
53 133
53 134
52 134
52 135
51 135
51 136
50 136
50 137
49 137
49 138
48 138
48 139
47 139
47 140
46 140
46 141
45 141
45 142
44 142
44 143
43 143
43 144
42 144
42 145
41 145
41 146
40 146
40 147
39 147
39 148
38 148
38 149
37 149
37 150
36 150
36 151
35 151
35 152
34 152
34 153
33 153
33 154
32 154
32 155
31 155
31 156
30 156
30 157
29 157
29 158
28 158
28 159
27 159
27 160
26 160
26 161
25 161
25 162
24 162
24 163
23 163
23 164
22 164
22 165
21 165
21 166
20 166
20 167
19 167
19 168
18 168
18 169
17 169
17 170
16 170
16 171
15 171
55 133
55 134
54 134
54 135
53 135
53 136
52 136
52 137
51 137
51 138
50 138
50 139
49 139
49 140
48 140
48 141
47 141
47 142
46 142
46 143
45 143
45 144
44 144
44 145
43 145
43 146
42 146
42 147
41 147
41 148
40 148
40 149
39 149
39 150
38 150
38 151
37 151
37 152
36 152
36 153
35 153
35 154
34 154
34 155
33 155
33 156
32 156
32 157
31 157
31 158
30 158
30 159
29 159
29 160
28 160
28 161
27 161
27 162
26 162
26 163
25 163
25 164
24 164
24 165
23 165
23 166
22 166
22 167
21 167
21 168
20 168
20 169
19 169
19 170
18 170
18 171
17 171
17 172
16 172
56 134
56 135
55 135
55 136
54 136
54 137
53 137
53 138
52 138
52 139
51 139
51 140
50 140
50 141
49 141
49 142
48 142
48 143
47 143
47 144
46 144
46 145
45 145
45 146
44 146
44 147
43 147
43 148
42 148
42 149
41 149
41 150
40 150
40 151
39 151
39 152
38 152
38 153
37 153
37 154
36 154
36 155
35 155
35 156
34 156
34 157
33 157
33 158
32 158
32 159
31 159
31 160
30 160
30 161
29 161
29 162
28 162
28 163
27 163
27 164
26 164
26 165
25 165
25 166
24 166
24 167
23 167
23 168
22 168
22 169
21 169
21 170
20 170
20 171
19 171
19 172
18 172
18 173
17 173
57 135
57 136
56 136
56 137
55 137
55 138
54 138
54 139
53 139
53 140
52 140
52 141
51 141
51 142
50 142
50 143
49 143
49 144
48 144
48 145
47 145
47 146
46 146
46 147
45 147
45 148
44 148
44 149
43 149
43 150
42 150
42 151
41 151
41 152
40 152
40 153
39 153
39 154
38 154
38 155
37 155
37 156
36 156
36 157
35 157
35 158
34 158
34 159
33 159
33 160
32 160
32 161
31 161
31 162
30 162
30 163
29 163
29 164
28 164
28 165
27 165
27 166
26 166
26 167
25 167
25 168
24 168
24 169
23 169
23 170
22 170
22 171
21 171
21 172
20 172
20 173
19 173
19 174
18 174
58 136
58 137
57 137
57 138
56 138
56 139
55 139
55 140
54 140
54 141
53 141
53 142
52 142
52 143
51 143
51 144
50 144
50 145
49 145
49 146
48 146
48 147
47 147
47 148
46 148
46 149
45 149
45 150
44 150
44 151
43 151
43 152
42 152
42 153
41 153
41 154
40 154
40 155
39 155
39 156
38 156
38 157
37 157
37 158
36 158
36 159
35 159
35 160
34 160
34 161
33 161
33 162
32 162
32 163
31 163
31 164
30 164
30 165
29 165
29 166
28 166
28 167
27 167
27 168
26 168
26 169
25 169
25 170
24 170
24 171
23 171
23 172
22 172
22 173
21 173
21 174
20 174
20 175
19 175
59 137
59 138
58 138
58 139
57 139
57 140
56 140
56 141
55 141
55 142
54 142
54 143
53 143
53 144
52 144
52 145
51 145
51 146
50 146
50 147
49 147
49 148
48 148
48 149
47 149
47 150
46 150
46 151
45 151
45 152
44 152
44 153
43 153
43 154
42 154
42 155
41 155
41 156
40 156
40 157
39 157
39 158
38 158
38 159
37 159
37 160
36 160
36 161
35 161
35 162
34 162
34 163
33 163
33 164
32 164
32 165
31 165
31 166
30 166
30 167
29 167
29 168
28 168
28 169
27 169
27 170
26 170
26 171
25 171
25 172
24 172
24 173
23 173
23 174
22 174
22 175
21 175
21 176
20 176
60 138
60 139
59 139
59 140
58 140
58 141
57 141
57 142
56 142
56 143
55 143
55 144
54 144
54 145
53 145
53 146
52 146
52 147
51 147
51 148
50 148
50 149
49 149
49 150
48 150
48 151
47 151
47 152
46 152
46 153
45 153
45 154
44 154
44 155
43 155
43 156
42 156
42 157
41 157
41 158
40 158
40 159
39 159
39 160
38 160
38 161
37 161
37 162
36 162
36 163
35 163
35 164
34 164
34 165
33 165
33 166
32 166
32 167
31 167
31 168
30 168
30 169
29 169
29 170
28 170
28 171
27 171
27 172
26 172
26 173
25 173
25 174
24 174
24 175
23 175
23 176
22 176
22 177
21 177
61 139
61 140
60 140
60 141
59 141
59 142
58 142
58 143
57 143
57 144
56 144
56 145
55 145
55 146
54 146
54 147
53 147
53 148
52 148
52 149
51 149
51 150
50 150
50 151
49 151
49 152
48 152
48 153
47 153
47 154
46 154
46 155
45 155
45 156
44 156
44 157
43 157
43 158
42 158
42 159
41 159
41 160
40 160
40 161
39 161
39 162
38 162
38 163
37 163
37 164
36 164
36 165
35 165
35 166
34 166
34 167
33 167
33 168
32 168
32 169
31 169
31 170
30 170
30 171
29 171
29 172
28 172
28 173
27 173
27 174
26 174
26 175
25 175
25 176
24 176
24 177
23 177
23 178
22 178
62 140
62 141
61 141
61 142
60 142
60 143
59 143
59 144
58 144
58 145
57 145
57 146
56 146
56 147
55 147
55 148
54 148
54 149
53 149
53 150
52 150
52 151
51 151
51 152
50 152
50 153
49 153
49 154
48 154
48 155
47 155
47 156
46 156
46 157
45 157
45 158
44 158
44 159
43 159
43 160
42 160
42 161
41 161
41 162
40 162
40 163
39 163
39 164
38 164
38 165
37 165
37 166
36 166
36 167
35 167
35 168
34 168
34 169
33 169
33 170
32 170
32 171
31 171
31 172
30 172
30 173
29 173
29 174
28 174
28 175
27 175
27 176
26 176
26 177
25 177
25 178
24 178
24 179
23 179
63 141
63 142
62 142
62 143
61 143
61 144
60 144
60 145
59 145
59 146
58 146
58 147
57 147
57 148
56 148
56 149
55 149
55 150
54 150
54 151
53 151
53 152
52 152
52 153
51 153
51 154
50 154
50 155
49 155
49 156
48 156
48 157
47 157
47 158
46 158
46 159
45 159
45 160
44 160
44 161
43 161
43 162
42 162
42 163
41 163
41 164
40 164
40 165
39 165
39 166
38 166
38 167
37 167
37 168
36 168
36 169
35 169
35 170
34 170
34 171
33 171
33 172
32 172
32 173
31 173
31 174
30 174
30 175
29 175
29 176
28 176
28 177
27 177
27 178
26 178
26 179
25 179
25 180
24 180
64 142
64 143
63 143
63 144
62 144
62 145
61 145
61 146
60 146
60 147
59 147
59 148
58 148
58 149
57 149
57 150
56 150
56 151
55 151
55 152
54 152
54 153
53 153
53 154
52 154
52 155
51 155
51 156
50 156
50 157
49 157
49 158
48 158
48 159
47 159
47 160
46 160
46 161
45 161
45 162
44 162
44 163
43 163
43 164
42 164
42 165
41 165
41 166
40 166
40 167
39 167
39 168
38 168
38 169
37 169
37 170
36 170
36 171
35 171
35 172
34 172
34 173
33 173
33 174
32 174
32 175
31 175
31 176
30 176
30 177
29 177
29 178
28 178
28 179
27 179
27 180
26 180
26 181
25 181
65 143
65 144
64 144
64 145
63 145
63 146
62 146
62 147
61 147
61 148
60 148
60 149
59 149
59 150
58 150
58 151
57 151
57 152
56 152
56 153
55 153
55 154
54 154
54 155
53 155
53 156
52 156
52 157
51 157
51 158
50 158
50 159
49 159
49 160
48 160
48 161
47 161
47 162
46 162
46 163
45 163
45 164
44 164
44 165
43 165
43 166
42 166
42 167
41 167
41 168
40 168
40 169
39 169
39 170
38 170
38 171
37 171
37 172
36 172
36 173
35 173
35 174
34 174
34 175
33 175
33 176
32 176
32 177
31 177
31 178
30 178
30 179
29 179
29 180
28 180
28 181
27 181
27 182
26 182
66 144
66 145
65 145
65 146
64 146
64 147
63 147
63 148
62 148
62 149
61 149
61 150
60 150
60 151
59 151
59 152
58 152
58 153
57 153
57 154
56 154
56 155
55 155
55 156
54 156
54 157
53 157
53 158
52 158
52 159
51 159
51 160
50 160
50 161
49 161
49 162
48 162
48 163
47 163
47 164
46 164
46 165
45 165
45 166
44 166
44 167
43 167
43 168
42 168
42 169
41 169
41 170
40 170
40 171
39 171
39 172
38 172
38 173
37 173
37 174
36 174
36 175
35 175
35 176
34 176
34 177
33 177
33 178
32 178
32 179
31 179
31 180
30 180
30 181
29 181
29 182
28 182
28 183
27 183
67 145
67 146
66 146
66 147
65 147
65 148
64 148
64 149
63 149
63 150
62 150
62 151
61 151
61 152
60 152
60 153
59 153
59 154
58 154
58 155
57 155
57 156
56 156
56 157
55 157
55 158
54 158
54 159
53 159
53 160
52 160
52 161
51 161
51 162
50 162
50 163
49 163
49 164
48 164
48 165
47 165
47 166
46 166
46 167
45 167
45 168
44 168
44 169
43 169
43 170
42 170
42 171
41 171
41 172
40 172
40 173
39 173
39 174
38 174
38 175
37 175
37 176
36 176
36 177
35 177
35 178
34 178
34 179
33 179
33 180
32 180
32 181
31 181
31 182
30 182
30 183
29 183
29 184
28 184
68 146
68 147
67 147
67 148
66 148
66 149
65 149
65 150
64 150
64 151
63 151
63 152
62 152
62 153
61 153
61 154
60 154
60 155
59 155
59 156
58 156
58 157
57 157
57 158
56 158
56 159
55 159
55 160
54 160
54 161
53 161
53 162
52 162
52 163
51 163
51 164
50 164
50 165
49 165
49 166
48 166
48 167
47 167
47 168
46 168
46 169
45 169
45 170
44 170
44 171
43 171
43 172
42 172
42 173
41 173
41 174
40 174
40 175
39 175
39 176
38 176
38 177
37 177
37 178
36 178
36 179
35 179
35 180
34 180
34 181
33 181
33 182
32 182
32 183
31 183
31 184
30 184
30 185
29 185
69 147
69 148
68 148
68 149
67 149
67 150
66 150
66 151
65 151
65 152
64 152
64 153
63 153
63 154
62 154
62 155
61 155
61 156
60 156
60 157
59 157
59 158
58 158
58 159
57 159
57 160
56 160
56 161
55 161
55 162
54 162
54 163
53 163
53 164
52 164
52 165
51 165
51 166
50 166
50 167
49 167
49 168
48 168
48 169
47 169
47 170
46 170
46 171
45 171
45 172
44 172
44 173
43 173
43 174
42 174
42 175
41 175
41 176
40 176
40 177
39 177
39 178
38 178
38 179
37 179
37 180
36 180
36 181
35 181
35 182
34 182
34 183
33 183
33 184
32 184
32 185
31 185
31 186
30 186
70 148
70 149
69 149
69 150
68 150
68 151
67 151
67 152
66 152
66 153
65 153
65 154
64 154
64 155
63 155
63 156
62 156
62 157
61 157
61 158
60 158
60 159
59 159
59 160
58 160
58 161
57 161
57 162
56 162
56 163
55 163
55 164
54 164
54 165
53 165
53 166
52 166
52 167
51 167
51 168
50 168
50 169
49 169
49 170
48 170
48 171
47 171
47 172
46 172
46 173
45 173
45 174
44 174
44 175
43 175
43 176
42 176
42 177
41 177
41 178
40 178
40 179
39 179
39 180
38 180
38 181
37 181
37 182
36 182
36 183
35 183
35 184
34 184
34 185
33 185
33 186
32 186
32 187
31 187
71 149
71 150
70 150
70 151
69 151
69 152
68 152
68 153
67 153
67 154
66 154
66 155
65 155
65 156
64 156
64 157
63 157
63 158
62 158
62 159
61 159
61 160
60 160
60 161
59 161
59 162
58 162
58 163
57 163
57 164
56 164
56 165
55 165
55 166
54 166
54 167
53 167
53 168
52 168
52 169
51 169
51 170
50 170
50 171
49 171
49 172
48 172
48 173
47 173
47 174
46 174
46 175
45 175
45 176
44 176
44 177
43 177
43 178
42 178
42 179
41 179
41 180
40 180
40 181
39 181
39 182
38 182
38 183
37 183
37 184
36 184
36 185
35 185
35 186
34 186
34 187
33 187
33 188
32 188
72 150
72 151
71 151
71 152
70 152
70 153
69 153
69 154
68 154
68 155
67 155
67 156
66 156
66 157
65 157
65 158
64 158
64 159
63 159
63 160
62 160
62 161
61 161
61 162
60 162
60 163
59 163
59 164
58 164
58 165
57 165
57 166
56 166
56 167
55 167
55 168
54 168
54 169
53 169
53 170
52 170
52 171
51 171
51 172
50 172
50 173
49 173
49 174
48 174
48 175
47 175
47 176
46 176
46 177
45 177
45 178
44 178
44 179
43 179
43 180
42 180
42 181
41 181
41 182
40 182
40 183
39 183
39 184
38 184
38 185
37 185
37 186
36 186
36 187
35 187
35 188
34 188
34 189
33 189
73 151
73 152
72 152
72 153
71 153
71 154
70 154
70 155
69 155
69 156
68 156
68 157
67 157
67 158
66 158
66 159
65 159
65 160
64 160
64 161
63 161
63 162
62 162
62 163
61 163
61 164
60 164
60 165
59 165
59 166
58 166
58 167
57 167
57 168
56 168
56 169
55 169
55 170
54 170
54 171
53 171
53 172
52 172
52 173
51 173
51 174
50 174
50 175
49 175
49 176
48 176
48 177
47 177
47 178
46 178
46 179
45 179
45 180
44 180
44 181
43 181
43 182
42 182
42 183
41 183
41 184
40 184
40 185
39 185
39 186
38 186
38 187
37 187
37 188
36 188
36 189
35 189
35 190
34 190
74 152
74 153
73 153
73 154
72 154
72 155
71 155
71 156
70 156
70 157
69 157
69 158
68 158
68 159
67 159
67 160
66 160
66 161
65 161
65 162
64 162
64 163
63 163
63 164
62 164
62 165
61 165
61 166
60 166
60 167
59 167
59 168
58 168
58 169
57 169
57 170
56 170
56 171
55 171
55 172
54 172
54 173
53 173
53 174
52 174
52 175
51 175
51 176
50 176
50 177
49 177
49 178
48 178
48 179
47 179
47 180
46 180
46 181
45 181
45 182
44 182
44 183
43 183
43 184
42 184
42 185
41 185
41 186
40 186
40 187
39 187
39 188
38 188
38 189
37 189
37 190
36 190
36 191
35 191
75 153
75 154
74 154
74 155
73 155
73 156
72 156
72 157
71 157
71 158
70 158
70 159
69 159
69 160
68 160
68 161
67 161
67 162
66 162
66 163
65 163
65 164
64 164
64 165
63 165
63 166
62 166
62 167
61 167
61 168
60 168
60 169
59 169
59 170
58 170
58 171
57 171
57 172
56 172
56 173
55 173
55 174
54 174
54 175
53 175
53 176
52 176
52 177
51 177
51 178
50 178
50 179
49 179
49 180
48 180
48 181
47 181
47 182
46 182
46 183
45 183
45 184
44 184
44 185
43 185
43 186
42 186
42 187
41 187
41 188
40 188
40 189
39 189
39 190
38 190
38 191
37 191
37 192
36 192
76 154
76 155
75 155
75 156
74 156
74 157
73 157
73 158
72 158
72 159
71 159
71 160
70 160
70 161
69 161
69 162
68 162
68 163
67 163
67 164
66 164
66 165
65 165
65 166
64 166
64 167
63 167
63 168
62 168
62 169
61 169
61 170
60 170
60 171
59 171
59 172
58 172
58 173
57 173
57 174
56 174
56 175
55 175
55 176
54 176
54 177
53 177
53 178
52 178
52 179
51 179
51 180
50 180
50 181
49 181
49 182
48 182
48 183
47 183
47 184
46 184
46 185
45 185
45 186
44 186
44 187
43 187
43 188
42 188
42 189
41 189
41 190
40 190
40 191
39 191
39 192
38 192
38 193
37 193
77 155
77 156
76 156
76 157
75 157
75 158
74 158
74 159
73 159
73 160
72 160
72 161
71 161
71 162
70 162
70 163
69 163
69 164
68 164
68 165
67 165
67 166
66 166
66 167
65 167
65 168
64 168
64 169
63 169
63 170
62 170
62 171
61 171
61 172
60 172
60 173
59 173
59 174
58 174
58 175
57 175
57 176
56 176
56 177
55 177
55 178
54 178
54 179
53 179
53 180
52 180
52 181
51 181
51 182
50 182
50 183
49 183
49 184
48 184
48 185
47 185
47 186
46 186
46 187
45 187
45 188
44 188
44 189
43 189
43 190
42 190
42 191
41 191
41 192
40 192
40 193
39 193
39 194
38 194
78 156
78 157
77 157
77 158
76 158
76 159
75 159
75 160
74 160
74 161
73 161
73 162
72 162
72 163
71 163
71 164
70 164
70 165
69 165
69 166
68 166
68 167
67 167
67 168
66 168
66 169
65 169
65 170
64 170
64 171
63 171
63 172
62 172
62 173
61 173
61 174
60 174
60 175
59 175
59 176
58 176
58 177
57 177
57 178
56 178
56 179
55 179
55 180
54 180
54 181
53 181
53 182
52 182
52 183
51 183
51 184
50 184
50 185
49 185
49 186
48 186
48 187
47 187
47 188
46 188
46 189
45 189
45 190
44 190
44 191
43 191
43 192
42 192
42 193
41 193
41 194
40 194
40 195
39 195
79 157
79 158
78 158
78 159
77 159
77 160
76 160
76 161
75 161
75 162
74 162
74 163
73 163
73 164
72 164
72 165
71 165
71 166
70 166
70 167
69 167
69 168
68 168
68 169
67 169
67 170
66 170
66 171
65 171
65 172
64 172
64 173
63 173
63 174
62 174
62 175
61 175
61 176
60 176
60 177
59 177
59 178
58 178
58 179
57 179
57 180
56 180
56 181
55 181
55 182
54 182
54 183
53 183
53 184
52 184
52 185
51 185
51 186
50 186
50 187
49 187
49 188
48 188
48 189
47 189
47 190
46 190
46 191
45 191
45 192
44 192
44 193
43 193
43 194
42 194
42 195
41 195
41 196
40 196
80 158
80 159
79 159
79 160
78 160
78 161
77 161
77 162
76 162
76 163
75 163
75 164
74 164
74 165
73 165
73 166
72 166
72 167
71 167
71 168
70 168
70 169
69 169
69 170
68 170
68 171
67 171
67 172
66 172
66 173
65 173
65 174
64 174
64 175
63 175
63 176
62 176
62 177
61 177
61 178
60 178
60 179
59 179
59 180
58 180
58 181
57 181
57 182
56 182
56 183
55 183
55 184
54 184
54 185
53 185
53 186
52 186
52 187
51 187
51 188
50 188
50 189
49 189
49 190
48 190
48 191
47 191
47 192
46 192
46 193
45 193
45 194
44 194
44 195
43 195
43 196
42 196
42 197
41 197
81 159
81 160
80 160
80 161
79 161
79 162
78 162
78 163
77 163
77 164
76 164
76 165
75 165
75 166
74 166
74 167
73 167
73 168
72 168
72 169
71 169
71 170
70 170
70 171
69 171
69 172
68 172
68 173
67 173
67 174
66 174
66 175
65 175
65 176
64 176
64 177
63 177
63 178
62 178
62 179
61 179
61 180
60 180
60 181
59 181
59 182
58 182
58 183
57 183
57 184
56 184
56 185
55 185
55 186
54 186
54 187
53 187
53 188
52 188
52 189
51 189
51 190
50 190
50 191
49 191
49 192
48 192
48 193
47 193
47 194
46 194
46 195
45 195
45 196
44 196
44 197
43 197
43 198
42 198
82 160
82 161
81 161
81 162
80 162
80 163
79 163
79 164
78 164
78 165
77 165
77 166
76 166
76 167
75 167
75 168
74 168
74 169
73 169
73 170
72 170
72 171
71 171
71 172
70 172
70 173
69 173
69 174
68 174
68 175
67 175
67 176
66 176
66 177
65 177
65 178
64 178
64 179
63 179
63 180
62 180
62 181
61 181
61 182
60 182
60 183
59 183
59 184
58 184
58 185
57 185
57 186
56 186
56 187
55 187
55 188
54 188
54 189
53 189
53 190
52 190
52 191
51 191
51 192
50 192
50 193
49 193
49 194
48 194
48 195
47 195
47 196
46 196
46 197
45 197
45 198
44 198
44 199
43 199
83 161
83 162
82 162
82 163
81 163
81 164
80 164
80 165
79 165
79 166
78 166
78 167
77 167
77 168
76 168
76 169
75 169
75 170
74 170
74 171
73 171
73 172
72 172
72 173
71 173
71 174
70 174
70 175
69 175
69 176
68 176
68 177
67 177
67 178
66 178
66 179
65 179
65 180
64 180
64 181
63 181
63 182
62 182
62 183
61 183
61 184
60 184
60 185
59 185
59 186
58 186
58 187
57 187
57 188
56 188
56 189
55 189
55 190
54 190
54 191
53 191
53 192
52 192
52 193
51 193
51 194
50 194
50 195
49 195
49 196
48 196
48 197
47 197
47 198
46 198
46 199
45 199
45 200
44 200
84 162
84 163
83 163
83 164
82 164
82 165
81 165
81 166
80 166
80 167
79 167
79 168
78 168
78 169
77 169
77 170
76 170
76 171
75 171
75 172
74 172
74 173
73 173
73 174
72 174
72 175
71 175
71 176
70 176
70 177
69 177
69 178
68 178
68 179
67 179
67 180
66 180
66 181
65 181
65 182
64 182
64 183
63 183
63 184
62 184
62 185
61 185
61 186
60 186
60 187
59 187
59 188
58 188
58 189
57 189
57 190
56 190
56 191
55 191
55 192
54 192
54 193
53 193
53 194
52 194
52 195
51 195
51 196
50 196
50 197
49 197
49 198
48 198
48 199
47 199
47 200
46 200
46 201
45 201
